.Random.seed <-
c(403L, 23L, -605157281L, -44551999L, -2147311190L, 1727717811L, 
-1355953128L, 293319274L, 399523983L, 1462981575L, 1398746300L, 
1755665473L, -189076816L, -289883947L, 1676469133L, 1981021472L, 
1056815001L, 1252255375L, 391452416L, -1039757501L, -1513940729L, 
-1880073842L, -359046739L, -165632912L, 2055274390L, 174515312L, 
-1196511677L, 409912488L, 1348210493L, -567876657L, 1203388718L, 
1690441924L, 959544592L, -1769014287L, -1100439496L, -397530075L, 
1557296441L, -540972103L, 2050413779L, 58861685L, -1990876427L, 
-1257862607L, -1440475022L, 900906367L, 979728502L, -1894441328L, 
-2020972683L, 538107708L, 1529561891L, 1494814691L, -775741167L, 
2128241020L, -1751993149L, -1299308248L, 1746614899L, 177477142L, 
629474156L, 1434233023L, -1236081774L, -374465055L, 554428125L, 
249936933L, -1757844989L, 1229142111L, 1505648370L, -977756597L, 
476408306L, 209649199L, 104458738L, -1157582926L, -519760561L, 
1985108509L, -1635726130L, 599441374L, -422778551L, -437933295L, 
-1317210607L, -763836509L, 1454513346L, 185032346L, 603372741L, 
771228588L, 397758652L, -1787288499L, -882543038L, 1654048061L, 
-1293156743L, 1794600619L, -2027791464L, 1316844345L, -1547973041L, 
-1229121201L, -734417797L, 710236026L, -492479062L, -1848281955L, 
-981465760L, -1513023082L, 1942036226L, -1305160458L, 1042342847L, 
999926383L, -1714932799L, -438332076L, 141771906L, -885280404L, 
-1567820595L, 376808176L, -1314108751L, 251695093L, -555668697L, 
1791756650L, -1782342987L, 185300844L, -940810101L, -1521843516L, 
10370868L, -1310523257L, 171615859L, 1067124299L, 1069566587L, 
-632084487L, -1781872376L, -2130384749L, 1020884575L, 217777364L, 
-2088569705L, 888539376L, 1437028097L, -1093576618L, 1426150725L, 
1896226551L, 744646666L, 314941656L, -151218207L, 1329039801L, 
2059268014L, 569695207L, -130287689L, 405711822L, 1793684399L, 
-1392655024L, -1806825108L, -1901508180L, 196731803L, -879242651L, 
-1859886018L, -725649201L, -1568822349L, 262910792L, 982618604L, 
-166341426L, 1420919741L, -1227253684L, 259843984L, -1707903153L, 
780028959L, 1329715047L, -1092869060L, 691579363L, 751577263L, 
941364440L, -1248836558L, 513189977L, 411142336L, 538070942L, 
-972127800L, 59198436L, 790217738L, -1498885553L, 1684873678L, 
726479577L, 605792660L, 2012124902L, -1251288251L, -822793938L, 
-1734634930L, -372400895L, 1201112805L, -989766096L, -642370983L, 
-1615901941L, -54950212L, -1524091491L, -1384975649L, 380565366L, 
65296220L, -353211277L, -1700964378L, -977505416L, -1184617891L, 
-152263959L, -388119329L, 471131295L, -655571268L, 380277903L, 
-375881039L, -613394033L, -1832053723L, 1855603388L, -1050117333L, 
-1371389084L, -283145200L, 673807532L, 980100793L, 997109191L, 
134233720L, -81498713L, 1617130785L, -1504703073L, 186226198L, 
-1062982728L, -2081480807L, -70039176L, -146764377L, 1420887161L, 
1092440341L, 1050633334L, -1205757969L, 1183163450L, -298847390L, 
-599822373L, -772434973L, 351567722L, 951285510L, 7362676L, 1511325949L, 
29702945L, 1032938637L, 849533364L, 1218334233L, 728599772L, 
733911564L, -886325828L, -1682670034L, -1738113738L, 1037943930L, 
2018303381L, 1644298394L, 1879837254L, 518077099L, 830204036L, 
1192504998L, -1941874499L, 336301256L, -1985066680L, 1658594186L, 
173404585L, 1045910910L, -5458451L, 2105205103L, -1263982583L, 
-550965674L, 1000652509L, 1079039493L, -1180675162L, -1356046998L, 
-1314065284L, 414852447L, 1548394629L, 821110264L, 384435812L, 
418357462L, 2078936918L, 867687835L, 381800805L, 1483121225L, 
-1490419831L, -1958931562L, -2014468329L, -1842610222L, 1235962932L, 
-607799348L, 912103551L, -623823615L, -1176910044L, -1579178537L, 
-2106670264L, -780450403L, 599099876L, -1174964346L, -77305192L, 
-233089847L, 2129907937L, 910447109L, 541288335L, -138192523L, 
-355055085L, -818482689L, -1673469058L, 910382484L, -271071410L, 
-2037440195L, 1928871005L, 460366998L, 459124954L, 792877414L, 
747600454L, 1535942024L, -67570966L, -836468761L, 1546498751L, 
772708909L, -1771473088L, 667164504L, 1267866630L, -1779242381L, 
-1661101043L, 861285939L, 1947153102L, 1533882747L, 175685127L, 
490733051L, -1099426679L, -2021853116L, 862189923L, -122174466L, 
1884967677L, 84689482L, -1651077183L, -853637934L, 1882050152L, 
-1163218467L, 92742245L, 390365325L, 869296819L, 172818075L, 
1323687198L, -129531664L, -654877070L, -1103067834L, -1469258328L, 
1083998674L, 1883010156L, -750049834L, 1508491161L, 741047867L, 
-1371838274L, -829156632L, 212063805L, -894069491L, 14518421L, 
-1976574501L, 1164004296L, 534084911L, -925976492L, -305210042L, 
-1006685221L, -189444392L, 960901382L, 468309037L, 829998544L, 
1704251177L, 784256153L, -1519013564L, -436454728L, -599277970L, 
1932952139L, 1146928102L, -1961625235L, 618554415L, 1698952885L, 
-366274786L, 849001835L, -1415655694L, -526786122L, -2119556322L, 
1767945817L, -41269652L, 825854222L, 1018616803L, -125838962L, 
-1732586943L, -836992347L, -1713029921L, -2000474352L, 1465172672L, 
2144541198L, -2022333425L, 1299655796L, -143266458L, -2100179644L, 
1364337933L, -1935590995L, 465665881L, -1031101206L, 241565094L, 
-288367238L, 1649862346L, 33702621L, -497337594L, 1114120670L, 
-1724433712L, -1268823162L, 379616989L, -1602736663L, 1243837547L, 
-998812959L, 760846237L, 1334609125L, -376841959L, 876036539L, 
-903420775L, 1494809792L, 1574690657L, 200767563L, 858439678L, 
1522598352L, -552793458L, -82985849L, -1026572609L, -30191478L, 
-412611964L, 399462779L, -2023539914L, 1375556531L, 981728633L, 
1272236967L, 1471634997L, -1397535013L, -1368305809L, 2019526384L, 
-321367989L, -1489833327L, -182320570L, -1011576310L, -2117033697L, 
677908152L, -1980786492L, 319556878L, -2120038503L, 1247290265L, 
907334905L, 460178516L, 450472190L, 282192009L, 1923857359L, 
328465318L, 265054671L, 427506567L, 2132366L, 1854125914L, 1534731075L, 
601623587L, 1401037956L, 1577306842L, -398219356L, -430369245L, 
-1125074646L, -809713071L, -71115308L, 740256356L, -1102716158L, 
-329281332L, 876708767L, 1702941735L, 1564788042L, -83030565L, 
2095831563L, -1187727742L, -136396173L, 1489961301L, -216062086L, 
1536991989L, -1046623814L, 1123515603L, -178074156L, -1833170205L, 
-1686821650L, -1623154400L, -1649906536L, 715493880L, -138702703L, 
-10736636L, 300834781L, -49604935L, -86920490L, 2024521394L, 
1768596863L, -381147951L, 1885844891L, 693475189L, 519126199L, 
1228853914L, -651378628L, 466217057L, -43281930L, -401933962L, 
-575728036L, -58135409L, 1300080197L, 797902070L, 659730363L, 
452359292L, -1130835909L, 2004216559L, 623904815L, 2116600017L, 
-432727370L, -1427964250L, 968959077L, 1743063768L, 2005384057L, 
859642357L, -864280143L, 169419855L, -1993905949L, -2080982843L, 
-686692986L, -719012823L, -1190176728L, -547290272L, 1695739849L, 
-1009016284L, -1675621150L, 755975648L, 662700294L, -1594948078L, 
1711414359L, 1624863366L, -584044422L, 220135465L, 111269914L, 
64784049L, 1919003212L, 674063035L, -523964100L, 999532322L, 
-88197942L, -218639129L, -426730446L, 350656040L, -2087823692L, 
688477005L, -1072969939L, 2064082904L, 1961315652L, 1985189939L, 
214620777L, -1426221566L, 88746381L, -2069103020L, 2071817334L, 
-931045716L, 1906096477L, -2118260443L, -1519472756L, -312055379L, 
-1014488149L, 1805337762L, -1821486843L, -1202883261L, 337669376L, 
-1602557809L, 1216514226L, -195998893L, -2066180147L, -1266101291L, 
-2079805450L, -632040970L, -1228485148L, -623312167L, -576839393L, 
1802401130L, 845517513L, 1010750170L, 457782577L, 1041723103L, 
-1607361563L, 713167530L, -263355556L, 1212205326L, 864048334L, 
-1994807673L, -142464528L, 607606752L, -1579486261L, -260938169L, 
379883015L, -708178570L, 663972338L, 453139997L, 59116800L, -1370236091L, 
-2083063900L, 1468145268L, -811423275L, 1465191698L, -1246887652L, 
-558073767L, 162539947L, -1684140171L, -1770008293L, -368439276L, 
-598896344L, -1320211946L, -5136735L, 783687901L, 1739100130L, 
592821193L, 335455737L, 347285023L, -308762178L, 1962931766L, 
1281494293L, 274484347L, 485743372L, 1541168631L, -1561630313L, 
